-5 0 -10
0, 0, -10
0, 5, -10
-5, 2, -10
225 225 50 225

5 0 -10
0, 0, -10
0, 5, -10
5, 2, -10
225 50 225 225

-5 0 -10
-5, 2, -10
-8, 2, -8
-8, 0, -8
50 225 225 225

5 0 -10
5, 2, -10
8, 2, -8
8, 0, -8
225 225 50 225

-5, 2, -10
0, 5, -10
0, 5, -8
-8, 2, -8
225 50 225 225

5, 2, -10
0, 5, -10
0, 5, -8
8, 2, -8
50 225 225 225

-8, 0, -8
-8, 2, -8
-1, 2, 0
-1. 0, 0
225 225 50 225

8, 0, -8
8, 2, -8
1, 2, 0
1. 0, 0
225 50 225 225

-8, 2, -8
0, 5, -8
0, 2, 0
-1, 2, 0
50 225 225 225

8, 2, -8
0, 5, -8
0, 2, 0
1, 2, 0
225 225 50 225

-1, 2, 0
0, 2, 0
0, 0, 0
-1, 0, 0
225 60 225 225

1, 2, 0
0, 2, 0
0, 0, 0
1, 0, 0
50 225 225 225