-5 0 -10
0, 0, -10
0, 5, -10
-5, 2, -10
225 200 50 225

5, 2, -10
0, 5, -10
0, 0, -10
5 0 -10
225 200 50 225

-5 0 -10
-5, 2, -10
-8, 2, -8
-8, 0, -8
225 210 50 225

8, 0, -8
8, 2, -8
5, 2, -10
5 0 -10
225 210 50 225

-5, 2, -10
0, 5, -10
0, 5, -8
-8, 2, -8
225 210 50 225

8, 2, -8
0, 5, -8
0, 5, -10
5, 2, -10
225 210 50 225

-8, 0, -8
-8, 2, -8
-1, 2, 0
-1, 0, 0
200 225 50 225

1. 0, 0
1, 2, 0
8, 2, -8
8, 0, -8
200 225 50 225

-8, 2, -8
0, 5, -8
0, 2, 0
-1, 2, 0
225 225 50 225

1, 2, 0
0, 2, 0
0, 5, -8
8, 2, -8
225 225 50 225

-1, 2, 0
0, 2, 0
0, 0, 0
-1, 0, 0
200 225 50 225

1, 0, 0
0, 0, 0
0, 2, 0
1, 2, 0
200 225 50 225